4404 3294
4405 3296
4406 3295
4407 3297
4408 3298
4409 3300
4410 3299
4412 3303
4446 3336
4447 3337
4448 3338
4449 3339
4450 3340
4451 3342
4452 3341
4453 3343
4455 3346
4457 3347
4475 3365
4439 3330
4440 3329
4441 3331
4443 3333
4444 3335
4445 3334
4466 3357
4470 3360
4471 3361
4472 3363
4473 3362
4474 3364
4718 3608
4726 3616
4727 3618
4728 3617
4733 3623
4738 3628
4739 3629
4740 3630
4741 3631
4742 3632
4744 3635
4750 3639
4751 3641
4759 3649
4760 3650
4704 3593
4716 3606
4719 3610
4720 3609
4721 3612
4722 3611
4723 3613
4729 3619
4730 3620
4731 3621
4732 3622
4734 3625
4735 3624
4736 3626
4991 3881
4992 3883
4993 3882
4994 3884
4995 3886
4996 3885
4998 3887
4999 3889
5000 3890
5001 3891
5002 3892
5003 3893
5004 3895
5005 3894
5006 3897
5007 3896
5008 3898
5037 3927
5038 3928
5039 3929
5041 3932
5042 3931
5043 3933
5044 3934
5045 3935
5046 3936
5047 3937
5048 3938
735 2584
736 2628
737 2627
738 2626
738 2853
738 2932
739 2625
740 2623
740 2926
741 2644
741 2645
742 2585
743 2624
744 2626
744 2853
744 2932
745 2638
745 2931
746 2636
746 2637
746 2930
747 2636
747 2637
747 2930
749 2888
749 2904
750 2572
751 2579
752 2580
753 2570
754 2581
755 2569
756 2582
757 2568
758 2583
759 2567
760 2573
761 2643
761 2927
762 2644
762 2645
763 2565
764 2574
764 2575
765 2574
765 2575
766 2564
766 2885
766 2928
767 2564
767 2566
768 2564
768 2885
768 2928
769 2555
770 2553
771 2557
772 2561
773 2562
774 2563
775 2571
776 1
776 6
777 4
777 5
778 2
778 3
779 2556
780 2554
780 2884
780 2929
781 2554
781 2884
781 2929
782 24
783 471
784 470
785 469
786 468
787 475
788 2560
788 2922
789 2558
790 2559
1293 20
1293 21
1296 32
1298 28
1299 27
1300 31
1301 30
1308 20
1308 21
1309 22
1309 23
1310 446
1311 1350
1312 22
1312 23
1312 25
1313 44
1314 45
1315 26
1316 23
1316 25
1319 451
1320 4
1320 5
1321 14
1322 13
1323 12
1328 11
1329 10
1330 8
1331 1
1331 6
1332 2
1332 3
1333 7
1334 9
1385 452
1473 454
1474 456
1475 467
1476 2849
1476 2924
1477 480
1479 474
1480 2875
1481 478
1481 2874
1481 2923
1482 476
1980 1686
1988 2820
2003 1687
2004 1697
2005 2590
2016 1699
2017 1698
2773 2605
2774 2596
2776 2606
2777 2597
2778 2598
2779 2607
2780 2599
2781 2600
2782 2608
2783 2609
2784 2615
2785 2589
2786 2588
2787 2591
2789 2586
2790 2576
2791 2577
2792 2578
2793 2587
2797 2603
2798 2601
2799 2613
2800 2612
2801 2602
2802 2622
2803 2604
2804 2614
2805 2610
2806 2611
2807 2621
2808 2616
2810 2617
2812 2618
2864 477
2865 479
2866 478
2866 2874
2866 2923
2867 2639
2867 2640
2868 2639
2868 2640
2881 2887
2949 2888
2949 2904
2967 2874
2967 2923
2968 2560
2968 2922
2969 2849
2969 2924
2971 2643
2971 2927
2972 2623
2972 2926
2973 2564
2973 2885
2973 2928
2974 2554
2974 2884
2974 2929
2975 2636
2975 2637
2975 2930
2976 2638
2976 2931
2977 2626
2977 2853
2977 2932
4715 3605
5040 3930
56 85
57 81
58 82
59 62
72 104
73 103
77 94
78 93
79 86
88 92
89 1286
90 105
107 1287
905 65
937 47
938 48
939 63
940 64
941 71
948 83
949 84
975 1288
980 1285
1290 18
1292 19
1294 42
1302 33
1303 53
1304 52
1305 55
1306 54
1307 43
1341 1351
1342 51
1343 50
1344 1352
1347 1353
1348 49
1366 46
1953 1649
1954 1648
1955 1661
1956 1662
1957 1666
1958 1679
1959 1660
1960 1668
1961 1670
1962 1667
1968 1671
1969 1675
1970 1676
1971 1669
1972 1678
1973 1677
1975 1684
1976 1685
1977 1674
1981 2819
1989 2818
2144 1647
2147 1663
2148 1680
2775 2593
981 1283
982 1272
988 1273
992 990
993 1271
995 1270
996 2760
997 999
1009 1001
1012 1031
1013 1004
1014 1032
1015 1003
1016 1002
1017 1000
1019 1005
1020 2764
1021 2762
1022 2771
1023 2763
1024 2761
1025 1044
1026 1041
1026 1042
1027 1040
1033 1041
1033 1042
1047 2765
1049 2766
1051 1054
1057 2757
1058 2767
1062 1055
1063 1056
1067 2759
1069 1059
1072 1226
1118 1227
1230 1235
1231 1244
1232 1248
1233 1245
1234 1060
1279 1282
2073 1918
2094 1922
2095 1920
2098 1921
2099 1886
2107 1852
2108 1885
2109 1893
2110 1895
2111 1897
2112 1896
2113 1898
2114 1894
2115 1892
2116 1884
2117 1854
2118 1853
2125 1855
2126 1856
2127 1883
2128 1891
2129 1890
2131 1857
2132 1858
2133 1882
2134 1889
2135 1881
2136 1888
2137 1880
2138 1887
2139 1682
2140 1681
2141 1664
2142 1665
2146 1646
2154 1645
2155 1642
2278 1919
2287 1899
2752 1872
2753 1859
2754 1873
2755 1874
2756 1875
1117 1210
1218 1209
1222 1220
2279 1911
2280 1802
2281 1787
2282 1778
2286 1910
2288 1900
2289 1903
2290 1901
4093 2982
4095 2984
4201 3091
4205 3096
4206 3095
4207 3097
4208 3099
4209 3098
4210 3100
4211 3101
4212 3102
4213 3103
4214 3105
4215 3104
4216 3106
4217 3108
4218 3107
4219 3109
4220 3111
4221 3110
4243 3134
4244 3133
4248 3138
4249 3139
4250 3140
5066 3956
5067 3958
5068 3957
5069 3960
5070 3959
5071 3961
5072 3962
5073 3964
5074 3963
5075 3965
5076 3967
5077 3966
5078 3968
5079 3970
5080 3969
5081 3971
5082 3972
5083 3973
5113 4003
5115 4004
5116 4006
5117 4007
5118 4008
5119 4009
5120 4010
5121 4011
5122 4012
5123 4013
5124 4014
5125 4015
5126 4016
5127 4017
5128 4018
5129 4019
5130 4020
5146 4036
5149 4039
5150 4040
5151 4042
5152 4041
5153 4043
5154 4044
5155 4046
5156 4045
5157 4047
5158 4048
5159 4049
5180 4070
5181 4071
5182 4073
5183 4072
5184 4074
5200 4090
4091 2981
4103 2993
4105 2994
4106 2996
4108 2997
4222 3112
4223 3114
4224 3113
4225 3115
4226 3117
4227 3116
4228 3118
4229 3120
4230 3119
4231 3121
4232 3123
4233 3122
4234 3125
4235 3124
4236 3127
4237 3126
4238 3128
4239 3129
4240 3130
4251 3141
4252 3142
4291 3181
4292 3183
4293 3182
4294 3184
4295 3185
4296 3187
4297 3186
4398 3288
4399 3290
4400 3289
4458 3348
4459 3350
4460 3349
4461 3351
4462 3352
4463 3354
4464 3353
5136 4026
5137 4027
5138 4028
5139 4029
5140 4030
5141 4031
5142 4032
5143 4034
5144 4033
5145 4035
5147 4038
5148 4037
5164 4054
5165 4055
5166 4057
5167 4056
5168 4058
5169 4059
5170 4061
5171 4060
5172 4062
5173 4063
5174 4065
5175 4064
5176 4066
5177 4067
5178 4069
5179 4068
5185 4075
5186 4076
5187 4077
5188 4078
5189 4079
5190 4080
5191 4081
5192 4082
4325 3215
4326 3216
4327 3217
4328 3218
4329 3220
4330 3219
4332 3223
4333 3222
4386 3277
4387 3276
4388 3278
4389 3280
4390 3279
4391 3282
4392 3281
4393 3283
4394 3284
4395 3285
4396 3287
4397 3286
4401 3292
4402 3291
4403 3293
4413 3302
4414 3304
4415 3306
4416 3305
4417 3307
4454 3344
4456 3345
4489 3379
5160 4050
5161 4051
5162 4053
5163 4052
5193 4083
5194 4084
5195 4085
5196 4086
5197 4087
5198 4088
4331 3221
4339 3229
4340 3230
4341 3232
4342 3231
4344 3234
4345 3235
4350 3240
4411 3301
4423 3313
4424 3315
4425 3314
4426 3317
4427 3316
4428 3318
4429 3319
4430 3320
4431 3321
4432 3322
4433 3324
4434 3323
4435 3325
4436 3326
4437 3327
4438 3328
4442 3332
4465 3355
4467 3356
4468 3359
4469 3358
4490 3380
4491 3381
4492 3382
4493 3383
4494 3385
4495 3384
4496 3386
4497 3387
4498 3389
4499 3388
4500 3390
4501 3391
4502 3393
4503 3392
4504 3394
4505 3395
4506 3396
4507 3397
4508 3399
4509 3398
4511 3402
4512 3401
4514 3404
4643 3532
4645 3535
4646 3536
4647 3537
4648 3538
4649 3539
4650 3540
4651 3542
4652 3541
4653 3543
4654 3544
4655 3546
4656 3545
4657 3547
4784 3674
4785 3675
4786 3676
4787 3677
4788 3678
4803 3693
4833 3723
4834 3724
5199 4089
4510 3400
4628 3518
4629 3519
4631 3520
4633 3523
4635 3524
4637 3527
4639 3528
4641 3531
4658 3548
4659 3550
4660 3549
4661 3551
4662 3552
4663 3554
4664 3553
4665 3555
4666 3556
4667 3558
4668 3557
4669 3559
4670 3560
4671 3562
4672 3561
4673 3563
4675 3566
4676 3565
4677 3567
4724 3614
4725 3615
4743 3633
4745 3634
4746 3636
4747 3637
4748 3638
4749 3640
4752 3642
4753 3643
4754 3644
4755 3646
4756 3645
4757 3647
4758 3648
4761 3652
4762 3651
4764 3654
4766 3655
4767 3657
4768 3658
4769 3659
4770 3660
4771 3661
4772 3663
4773 3662
4774 3664
4775 3665
4776 3667
4777 3666
4778 3668
4779 3669
4780 3671
4781 3670
4782 3672
4783 3673
4794 3684
4795 3685
4796 3687
4797 3686
4798 3688
4799 3689
4800 3691
4801 3690
4802 3692
4829 3719
4830 3721
4831 3720
4832 3722
4674 3564
4678 3569
4679 3568
4680 3570
4681 3571
4682 3572
4683 3573
4684 3575
4685 3574
4686 3576
4687 3577
4688 3578
4702 3592
4703 3594
4705 3595
4706 3596
4707 3598
4708 3597
4709 3599
4713 3603
4717 3607
4737 3627
4763 3653
4765 3656
4959 3849
4960 3851
4961 3850
4962 3852
4963 3853
4997 3888
5026 3916
5029 3919
5030 3920
5031 3922
5032 3921
5033 3923
5034 3924
5035 3925
5036 3926
5049 3939
5050 3940
5051 3941
718 1703
722 1705
722 1723
722 1724
723 1705
723 1723
723 1724
724 1705
724 1723
724 1724
725 1715
725 1716
725 1717
725 2900
726 1715
726 1716
726 2900
727 2642
727 2646
727 2647
728 2642
728 2646
728 2647
729 2642
729 2646
729 2647
730 2889
730 2901
731 1704
732 1706
733 1708
748 2631
1317 449
1373 2703
1374 2696
1382 2704
1383 461
1384 450
1400 2705
1401 490
1402 492
1404 472
1405 2706
1443 481
1444 466
1445 2850
1446 2851
1446 2876
1446 2925
1447 465
1448 2851
1448 2876
1448 2925
1449 482
1450 2852
1451 464
1452 483
1453 484
1453 485
1453 2921
1454 463
1455 484
1455 485
1455 2921
1456 486
1457 2847
1458 473
1459 2848
1460 487
1461 488
1461 489
1462 488
1462 489
1463 2845
1464 491
1465 2846
1466 494
1467 457
1468 462
1469 459
1470 458
1471 455
1472 453
1478 460
2002 1673
2009 1691
2010 1689
2011 1692
2012 1690
2013 1688
2014 1701
2015 1700
2021 1694
2022 1702
2027 2630
2809 2620
2811 2619
2813 2629
2814 2632
2815 2633
2815 2903
2816 2641
2816 2902
2858 1717
2859 2634
2859 2635
2860 2634
2860 2635
2890 2886
2945 1715
2945 1716
2945 2900
2946 2889
2946 2901
2947 2641
2947 2902
2948 2633
2948 2903
2965 2920
2966 484
2966 485
2966 2921
2970 2851
2970 2876
2970 2925
4714 3604
74 127
75 128
76 102
897 434
899 2682
901 437
902 436
903 66
904 70
906 34
907 39
908 36
909 38
910 37
911 438
912 439
918 35
919 98
928 69
929 68
930 97
931 99
932 108
942 67
943 96
944 100
945 113
946 114
947 126
950 95
951 101
952 112
953 129
954 130
955 131
958 134
962 135
1289 17
1291 16
1318 447
1359 2692
1360 2701
1361 435
1362 445
1363 40
1364 15
1365 41
1367 448
1368 2702
1369 2694
1926 1652
1933 1622
1944 1657
1950 1621
1951 1636
1952 1637
1963 1659
1964 1650
1965 1635
1966 1651
1967 1658
1978 1654
1979 1672
2143 1638
2156 1632
2157 1620
956 146
959 147
960 137
961 136
971 151
972 148
973 149
974 1284
976 163
977 1276
978 1275
979 1274
983 1269
984 1268
985 1267
986 1266
987 1260
994 1257
1064 1249
1065 2768
1068 1236
1075 1242
1076 1247
1077 1239
1078 1238
1079 1250
1080 1255
1081 2769
1082 2770
1084 1224
1107 1193
2062 1916
2066 1914
2067 1827
2068 1818
2074 1917
2075 1814
2076 1817
2090 1839
2091 1838
2092 1816
2093 1815
2096 1841
2100 1840
2101 1850
2102 1842
2103 1849
2104 1860
2105 1870
2106 1851
2119 1871
2120 1869
2121 1863
2122 1862
2123 1861
2124 1868
2130 1866
2145 1639
2170 1625
2171 1631
2180 1626
2266 1253
2273 1246
2274 1251
2275 1259
2276 1258
2277 1256
2708 1843
2709 1848
2710 1864
2711 1878
2712 1879
2713 1847
2722 2456
2723 2465
2724 2464
2725 1877
2726 2463
2727 1876
2728 2474
2730 2466
2731 2471
2738 2470
2739 2477
2740 2475
2741 2462
2742 1643
2743 1629
2744 1630
2745 1628
2746 1640
2747 1641
2748 1644
2749 1627
2750 1867
2751 1865
1125 1169
2060 1915
2061 1810
2063 1808
2064 1913
2336 1806
2340 1807
4092 2983
4094 2985
4096 2986
4098 2989
4099 2988
4100 2990
4101 2991
4115 3005
4116 3006
4117 3008
4118 3007
4119 3009
4120 3011
4121 3010
4122 3012
4123 3013
4124 3014
4125 3015
4126 3017
4127 3016
4129 3020
4130 3019
4131 3021
4166 3056
4168 3057
4169 3059
4170 3060
4171 3062
4172 3061
4173 3063
4174 3064
4175 3066
4176 3065
4177 3067
4178 3068
4179 3069
4180 3070
4189 3079
4191 3080
4192 3082
4193 3083
4194 3085
4195 3084
4196 3086
4197 3087
4198 3089
4199 3088
4200 3090
4202 3093
4203 3092
4204 3094
4241 3132
4242 3131
4245 3135
4246 3136
4247 3137
5084 3974
5085 3975
5086 3977
5087 3976
5088 3978
5090 3981
5105 3995
5106 3996
5107 3997
5108 3998
5109 4000
5110 3999
5111 4001
5112 4002
5114 4005
5131 4021
5132 4022
5133 4023
4097 2987
4102 2992
4104 2995
4107 2998
4109 2999
4110 3000
4111 3001
4112 3002
4113 3003
4114 3004
4144 3035
4145 3034
4146 3037
4147 3036
4148 3038
4149 3039
4150 3041
4151 3040
4152 3042
4153 3043
4154 3044
4155 3045
4156 3046
4157 3047
4158 3048
4159 3049
4160 3051
4161 3050
4162 3052
4163 3053
4164 3055
4165 3054
4167 3058
4181 3071
4182 3072
4183 3073
4184 3074
4185 3075
4186 3076
4187 3078
4188 3077
4190 3081
4253 3143
4254 3144
4255 3145
4256 3146
4257 3148
4258 3147
4259 3149
4260 3150
4261 3152
4262 3151
4263 3153
4264 3154
4265 3156
4266 3155
4267 3157
4270 3159
4271 3161
4274 3163
4298 3188
4299 3189
4300 3191
4301 3190
4302 3192
4303 3193
4304 3195
4376 3267
5134 4024
5135 4025
4143 3033
4272 3162
4275 3165
4276 3166
4277 3168
4278 3167
4280 3171
4321 3211
4323 3213
4324 3214
4375 3265
4377 3266
4384 3275
4385 3274
4418 3308
4419 3310
4420 3309
4421 3311
4422 3312
4485 3375
4486 3376
4487 3377
4488 3378
4566 3456
4334 3224
4335 3226
4336 3225
4337 3228
4338 3227
4343 3233
4346 3236
4347 3238
4348 3237
4349 3239
4351 3241
4352 3243
4353 3242
4354 3244
4357 3246
4513 3403
4515 3405
4534 3424
4535 3425
4537 3426
4538 3429
4539 3428
4540 3430
4541 3431
4542 3433
4543 3432
4544 3434
4545 3435
4546 3437
4547 3436
4548 3438
4549 3439
4550 3441
4551 3440
4552 3442
4553 3443
4554 3445
4555 3444
4557 3448
4565 3455
4582 3472
4583 3474
4584 3473
4586 3477
4642 3533
4644 3534
4881 3771
4883 3772
4884 3774
4885 3775
4886 3777
4887 3776
4888 3778
4889 3779
4890 3780
4556 3446
4558 3447
4588 3478
4589 3480
4590 3479
4592 3483
4594 3484
4595 3486
4596 3485
4599 3488
4600 3491
4601 3490
4624 3514
4625 3515
4626 3516
4627 3517
4630 3521
4632 3522
4634 3525
4636 3526
4638 3529
4640 3530
4790 3681
4791 3680
4792 3683
4793 3682
4823 3714
4824 3713
4825 3715
4826 3716
4827 3718
4828 3717
4835 3725
4836 3726
4837 3727
5009 3899
5010 3900
5022 3912
5024 3913
5052 3942
5053 3943
5054 3944
5055 3945
2936 2893
4690 3581
4691 3580
4692 3582
4694 3585
4695 3584
4710 3600
4711 3601
4712 3602
4928 3818
4945 3835
4952 3841
4954 3843
4956 3846
4957 3848
4958 3847
4964 3854
4965 3855
4966 3856
4967 3857
4968 3858
4985 3875
4988 3878
4989 3880
4990 3879
5025 3915
5027 3918
5028 3917
5057 3947
5058 3948
684 1742
685 1711
701 1733
702 1735
702 1736
703 1734
703 1736
703 2897
704 1737
705 1728
706 1729
707 1734
707 1736
707 2897
708 1731
709 1732
710 1725
711 1730
711 2898
712 1720
712 1721
712 1722
712 1726
713 1727
714 1720
714 1721
714 1722
714 1726
715 1720
715 1721
715 1722
715 1726
716 1720
716 1721
716 1722
716 1726
717 1718
717 2899
719 1707
720 1709
721 1710
734 1696
813 368
1375 2688
1376 367
1377 366
1378 364
1379 365
1380 2689
1381 2697
1397 349
1398 2690
1399 2698
1403 2707
1406 2700
1407 2699
1408 348
1413 509
1414 505
1415 503
1416 502
1417 496
1418 498
1419 2839
1420 2840
1421 504
1422 2841
1423 506
1423 507
1423 2914
1424 506
1424 507
1424 2914
1425 508
1426 2831
1427 510
1428 2877
1436 2843
1437 495
1438 493
1438 2842
1438 2919
1439 497
1440 2844
1441 499
1442 500
1442 501
1442 2918
2001 1655
2008 1714
2018 1762
2019 1713
2020 1693
2024 1761
2025 1712
2026 1695
2880 1719
2882 500
2882 501
2882 2918
2883 493
2883 2842
2883 2919
2942 1734
2942 1736
2942 2897
2943 1730
2943 2898
2944 1718
2944 2899
2960 506
2960 507
2960 2914
2963 500
2963 501
2963 2918
2964 2842
2964 2919
791 388
792 371
793 389
794 387
795 2678
796 2687
797 370
798 369
864 120
865 143
871 118
872 119
879 2663
880 2665
881 2666
882 2670
883 444
884 2667
885 2671
886 408
890 2672
891 2668
892 2669
893 2674
894 2675
895 2677
896 2681
898 2683
900 2673
913 441
914 418
915 420
916 419
917 421
920 440
921 442
922 443
923 116
924 133
925 117
926 111
927 109
933 110
934 115
935 132
936 145
1355 2676
1356 2680
1357 2684
1358 2693
1370 2691
1371 2695
1372 2686
1483 401
1484 403
1485 402
1486 2685
1487 2679
1923 1633
1924 213
1927 1634
1928 1623
1929 1615
1934 1614
1935 1605
1942 231
1943 1656
1947 1604
1948 1606
1949 1613
1998 230
1999 1763
2000 1653
2158 1612
2159 1607
2160 1603
832 155
850 1542
851 1545
852 1557
853 1558
854 1566
855 1567
856 1580
857 182
858 167
859 159
860 160
866 154
867 156
868 158
869 166
870 144
957 150
963 1261
964 1265
965 1264
966 165
967 164
968 157
969 152
970 153
1128 1165
1129 1540
1130 1194
2069 1819
2078 2494
2079 2500
2080 2501
2081 2508
2082 2509
2083 2415
2084 2430
2085 2429
2086 2431
2087 2417
2088 2416
2089 2507
2097 2432
2167 1608
2168 1611
2169 1619
2177 1601
2178 1610
2179 1618
2189 1609
2190 1617
2191 1574
2192 2460
2193 2453
2194 2455
2195 2459
2196 2468
2197 2461
2198 2469
2199 1572
2200 1573
2205 1570
2206 1562
2210 1569
2211 1561
2212 1560
2213 2454
2214 2450
2215 2449
2216 2448
2217 1543
2218 1541
2219 1559
2220 1568
2221 2428
2222 2427
2223 2438
2224 2436
2225 1544
2230 1530
2232 2442
2233 2423
2234 2434
2235 2425
2236 2435
2237 2439
2238 2437
2239 1546
2240 1263
2241 1579
2242 1565
2243 1556
2244 1547
2245 1548
2246 2444
2247 2440
2248 2441
2249 1262
2250 1578
2251 1564
2252 1555
2253 1549
2254 1539
2255 1196
2256 1538
2257 1552
2258 1537
2259 1551
2260 1550
2261 1554
2262 1563
2263 1577
2264 1254
2265 2443
2267 1252
2268 1576
2269 1553
2270 1217
2271 1195
2272 1575
2348 2489
2349 2495
2353 2424
2354 2426
2355 2510
2356 2502
2410 1532
2411 1531
2412 1533
2714 1846
2715 1845
2716 2445
2717 2446
2718 2447
2719 2452
2720 2451
2721 1844
2729 2457
2732 2473
2733 2476
2734 1624
2735 2472
2736 2467
2737 2458
1126 1167
1127 1164
1131 1536
1132 1513
1143 1516
2226 1527
2227 1525
2228 1524
2229 1526
2231 2422
2311 1825
2318 1811
2319 1824
2320 1829
2321 1831
2323 1835
2325 2483
2333 1834
2334 1823
2335 1812
2341 1813
2342 1822
2343 2480
2344 2481
2345 2479
2346 2478
2347 2490
2350 1809
2351 1821
2352 1820
2357 2496
2358 2491
2359 2482
2360 2497
2361 2503
2362 2492
2363 2511
2364 2433
2365 2421
2366 2419
2367 2420
2368 2418
2369 1523
2370 2528
2371 1522
2372 2529
2373 2515
2377 1521
2380 2533
2381 1511
2382 1520
2384 1512
2385 1494
2386 1496
2387 1490
2388 1491
2389 1497
2390 1510
2394 1495
2395 1492
2396 1489
2397 1498
2398 1509
2399 1519
2400 1528
2401 1529
2402 1518
2403 1508
2404 1499
2405 1493
2406 1517
2407 1507
2408 1501
2409 1500
2413 1534
2414 1535
2542 2512
2543 2505
2544 2513
2545 2504
2546 2498
2547 2506
2548 2514
2549 2499
2550 2493
4128 3018
4132 3023
4133 3022
4134 3024
4135 3025
4136 3026
4137 3027
4138 3028
4139 3029
4140 3030
4141 3031
4142 3032
5089 3979
5091 3980
5092 3982
5093 3983
5094 3985
5095 3984
5096 3986
5097 3988
5098 3987
5099 3989
5100 3990
5101 3991
5102 3992
5103 3994
5104 3993
4268 3158
4269 3160
4273 3164
4285 3175
4286 3176
4287 3177
4288 3178
4289 3179
4290 3180
4305 3194
4306 3196
4308 3199
4309 3198
4374 3264
4279 3169
4281 3170
4282 3172
4283 3173
4284 3174
4307 3197
4310 3200
4311 3201
4312 3203
4313 3202
4314 3204
4315 3205
4316 3206
4317 3207
4318 3208
4319 3210
4320 3209
4322 3212
4356 3247
4358 3248
4360 3251
4366 3256
4367 3257
4368 3259
4369 3258
4370 3260
4371 3261
4372 3262
4373 3263
4476 3366
4477 3368
4478 3367
4479 3370
4480 3369
4481 3371
4482 3372
4483 3373
4484 3374
4516 3406
4567 3457
4568 3458
4569 3459
4355 3245
4361 3250
4378 3268
4379 3269
4380 3270
4381 3272
4382 3271
4383 3273
4517 3407
4522 3412
4526 3416
4527 3417
4528 3418
4529 3419
4530 3421
4531 3420
4532 3422
4533 3423
4536 3427
4559 3449
4560 3451
4561 3450
4563 3454
4573 3463
4574 3464
4575 3466
4576 3465
4577 3467
4578 3468
4579 3469
4580 3471
4581 3470
4585 3475
4587 3476
4850 3740
4853 3743
4854 3744
4855 3746
4856 3745
4857 3747
4858 3749
4859 3748
4860 3750
4861 3751
4862 3753
4863 3752
4866 3756
4867 3757
4868 3759
4869 3758
4870 3760
4871 3761
4872 3763
4873 3762
4874 3764
4875 3765
4876 3766
4877 3767
4878 3769
4879 3768
4880 3770
4882 3773
4891 3781
4892 3782
4893 3783
4894 3784
4895 3785
4896 3786
4897 3787
4898 3788
4899 3789
4562 3452
4564 3453
4591 3481
4593 3482
4597 3487
4598 3489
4602 3492
4603 3494
4604 3493
4606 3495
4609 3500
4614 3504
4616 3505
4617 3507
4618 3508
4619 3509
4620 3510
4621 3511
4622 3512
4623 3513
4789 3679
4804 3694
4805 3696
4806 3695
4807 3697
4808 3698
4809 3699
4810 3700
4811 3701
4812 3702
4813 3703
4814 3704
4815 3705
4816 3706
4817 3707
4818 3708
4819 3709
4820 3711
4821 3710
4822 3712
4838 3728
4839 3729
4840 3730
4841 3732
4842 3731
4843 3733
4844 3734
4845 3736
4846 3735
4847 3737
4848 3738
4849 3739
4851 3742
4852 3741
4864 3754
4865 3755
4972 3862
5011 3901
5012 3902
5013 3903
5018 3908
5019 3909
5020 3910
5021 3911
5023 3914
5056 3946
4689 3579
4693 3583
4696 3586
4697 3587
4698 3588
4699 3589
4700 3590
4701 3591
4922 3812
4924 3813
4926 3815
4929 3820
4930 3819
4931 3822
4932 3821
4943 3834
4944 3833
4946 3837
4947 3836
4948 3838
4949 3839
4950 3840
4951 3842
4953 3844
4955 3845
4969 3859
4970 3860
4971 3861
4981 3871
4984 3874
4986 3877
4987 3876
5059 3949
5061 3951
529 374
530 375
531 362
532 361
533 353
534 363
535 352
536 346
551 343
583 344
584 525
584 2830
584 2911
586 525
586 2830
586 2911
587 345
633 251
634 1758
635 1759
636 256
637 255
638 257
658 284
669 304
670 2869
670 2891
671 306
672 283
673 274
674 264
675 258
676 273
677 2826
678 305
679 1753
679 1754
679 1755
680 1757
680 2894
681 1753
681 1754
681 1755
681 1756
682 1744
683 1743
686 1760
687 250
688 1753
688 1754
688 1755
688 1756
689 1753
689 1754
689 1755
689 1756
690 1751
690 1752
690 2895
691 1750
692 1745
693 1749
693 1751
694 1747
694 1748
695 1748
696 1738
697 1739
698 1746
698 2896
699 1740
700 1740
700 1741
814 373
1386 2836
1387 517
1388 2835
1389 519
1389 520
1389 2917
1390 518
1391 519
1391 520
1391 2917
1392 521
1393 2837
1394 522
1395 351
1396 350
1409 347
1410 515
1411 513
1412 511
1429 2832
1429 2915
1430 512
1431 2833
1432 514
1433 2834
1433 2878
1433 2916
1434 2834
1434 2878
1434 2916
1435 516
2023 237
2028 246
2041 247
2054 249
2822 523
2822 2838
2822 2910
2823 523
2823 2838
2823 2910
2857 1749
2857 1751
2857 1752
2857 2895
2861 526
2862 524
2938 2869
2938 2891
2939 1757
2939 2894
2940 1751
2940 1752
2940 2895
2941 1746
2941 2896
2955 525
2955 2830
2955 2911
2956 523
2956 2838
2956 2910
2959 2832
2959 2915
2961 2834
2961 2878
2961 2916
2962 519
2962 520
2962 2917
528 382
544 415
546 393
547 383
799 390
800 400
801 404
802 397
803 396
804 398
805 405
806 406
807 413
808 412
809 424
810 423
811 391
812 372
815 381
816 392
817 395
818 414
819 425
820 428
821 427
822 125
823 123
824 124
825 122
827 139
829 141
830 173
845 175
846 174
862 432
863 121
873 433
874 422
875 410
876 411
877 417
878 2664
887 407
888 409
889 2772
1488 399
1925 211
1930 1616
1931 212
1932 214
1936 1596
1937 1582
1938 1581
1939 217
1940 216
1941 215
1945 1583
1946 1595
1994 228
1995 232
1996 229
1997 236
2029 238
2030 233
2032 218
2033 220
2034 219
2035 221
2036 1586
2037 1588
2161 1587
2162 1589
2163 1594
2164 1598
2165 1597
2166 1602
2173 2662
2174 202
2175 1590
2176 1599
2181 200
2182 188
2183 187
2184 196
2185 201
2186 203
2203 204
2824 1585
2825 1584
826 140
828 138
831 142
833 162
834 180
835 181
836 168
837 169
838 179
839 170
840 178
841 171
842 177
843 172
844 176
861 161
2187 1591
2188 1600
2201 1593
2202 1592
2204 1571
2207 186
2208 185
2209 184
2322 1832
2324 1836
2326 2485
2328 2486
2329 2519
2330 2520
2331 2522
2332 2523
2374 2527
2375 2516
2376 2521
2378 2526
2379 2530
2383 2534
2391 2531
2392 2536
2393 2535
2551 2517
2552 2518
2648 2537
2649 2532
2650 2525
2651 2538
2652 2524
2653 2539
2654 2488
2655 2540
2656 2487
2657 2541
2658 1837
2659 1828
2660 1830
2661 1833
4362 3252
4363 3253
4364 3254
4365 3255
4570 3460
4359 3249
4518 3409
4519 3408
4520 3411
4521 3410
4523 3413
4524 3415
4525 3414
4571 3461
4572 3462
4605 3496
4607 3497
4608 3498
4610 3499
4611 3501
4612 3502
4613 3503
4615 3506
4973 3863
4975 3864
4977 3867
4979 3868
5014 3904
5015 3905
5016 3906
5017 3907
4900 3790
4901 3792
4902 3791
4903 3794
4904 3793
4905 3796
4906 3795
4907 3797
4908 3798
4909 3799
4910 3800
4911 3801
4912 3802
4913 3803
4914 3805
4915 3804
4916 3806
4917 3807
4918 3808
4919 3809
4920 3810
4921 3811
4923 3814
4925 3816
4927 3817
4933 3823
4934 3824
4935 3826
4936 3825
4937 3827
4938 3828
4939 3830
4940 3829
4941 3831
4942 3832
4974 3865
4976 3866
4978 3869
4980 3870
4982 3873
4983 3872
5060 3950
5062 3952
5063 3953
5064 3954
5065 3955
548 376
549 360
552 342
554 358
555 281
556 282
557 380
558 359
559 377
568 386
570 379
572 356
573 340
574 341
575 355
576 357
577 326
578 330
579 333
580 321
581 320
582 322
582 2870
582 2912
585 527
588 323
589 2871
589 2913
590 324
591 327
592 328
593 329
593 331
593 2906
594 332
595 329
595 331
595 2906
596 2872
597 2827
597 2905
598 334
599 2873
600 335
601 322
601 2870
601 2912
602 244
603 271
604 272
605 280
606 339
607 336
608 2828
609 337
610 2829
610 2907
614 245
615 270
616 269
617 279
618 294
619 318
620 338
621 319
621 2908
622 317
623 315
623 2909
624 313
625 314
626 316
627 278
628 268
629 295
630 311
631 310
632 307
632 312
632 2933
639 259
640 266
641 267
642 277
643 286
644 296
645 307
645 312
645 2933
646 308
647 309
648 293
649 297
649 2934
650 298
651 299
652 2854
653 292
654 276
655 285
657 275
659 287
660 289
660 290
660 2892
661 288
662 291
663 300
663 2855
663 2935
664 300
664 2855
664 2935
665 301
665 302
666 301
666 302
667 2856
667 2892
668 303
2052 252
2053 248
2055 254
2056 260
2057 262
2058 261
2059 253
2863 325
2879 289
2879 290
2879 2856
2879 2892
2937 289
2937 290
2937 2856
2937 2892
2950 329
2950 331
2950 2906
2951 2905
2952 2907
2953 2908
2954 2909
2957 322
2957 2870
2957 2912
2958 2871
2958 2913
2978 307
2978 312
2978 2933
2979 297
2979 2934
2980 300
2980 2855
2980 2935
537 190
538 183
539 191
540 429
541 430
542 426
543 416
545 394
553 193
560 378
561 384
562 431
563 195
564 194
565 210
566 209
567 207
569 385
571 208
611 224
612 242
613 243
847 189
848 197
849 198
2031 227
2038 205
2039 222
2040 226
2042 239
2043 234
2044 235
2045 225
2046 223
2047 206
2048 192
2049 240
2050 241
2051 263
2172 199
