4482 1843
4483 1845
4484 1844
4485 1846
4486 1847
4487 1849
4488 1848
4490 1852
4524 1885
4525 1886
4526 1887
4527 1888
4528 1889
4529 1891
4530 1890
4531 1892
4533 1895
4535 1896
4553 1914
4517 1879
4518 1878
4519 1880
4521 1882
4522 1884
4523 1883
4544 1906
4548 1909
4549 1910
4550 1912
4551 1911
4552 1913
4796 2157
4804 2165
4805 2167
4806 2166
4811 2172
4816 2177
4817 2178
4818 2179
4819 2180
4820 2181
4822 2184
4828 2188
4829 2190
4837 2198
4838 2199
4782 2142
4794 2155
4797 2159
4798 2158
4799 2161
4800 2160
4801 2162
4807 2168
4808 2169
4809 2170
4810 2171
4812 2174
4813 2173
4814 2175
5069 2430
5070 2432
5071 2431
5072 2433
5073 2435
5074 2434
5076 2436
5077 2438
5078 2439
5079 2440
5080 2441
5081 2442
5082 2444
5083 2443
5084 2446
5085 2445
5086 2447
5115 2476
5116 2477
5117 2478
5119 2481
5120 2480
5121 2482
5122 2483
5123 2484
5124 2485
5125 2486
5126 2487
2640 1
2641 3
2642 2
2643 4
2644 5
2645 6
2646 7
2647 8
2648 9
2649 10
2650 11
2651 12
2652 13
2653 14
2659 20
2660 21
2661 22
2662 23
2663 24
2664 25
2665 26
2666 27
2667 28
2669 30
2670 31
2671 32
2683 44
2684 45
3069 430
3074 435
3075 436
3077 438
3079 440
3090 451
3091 452
3092 453
3093 454
3094 455
3097 458
3098 459
3099 461
3100 460
3101 462
3102 463
3103 464
3326 687
3530 891
3531 892
3541 902
3542 903
3543 904
3902 1263
3903 1265
3904 1264
3905 1266
3906 1267
3907 1268
3908 1269
3909 1270
3910 1271
3911 1272
3912 1273
3913 1274
3914 1276
3915 1275
3916 1277
3917 1278
3918 1279
3919 1280
3920 1281
3921 1282
3922 1283
3923 1285
3924 1284
3925 1286
3926 1287
3927 1288
3928 1289
3929 1290
3930 1291
3931 1292
3932 1293
3933 1294
3934 1295
3935 1296
3936 1297
3937 1299
3938 1298
3939 1300
3940 1301
3945 1306
3946 1307
3947 1308
3948 1309
3949 1310
3950 1312
3951 1311
3952 1313
3953 1314
3954 1315
3955 1316
3956 1317
3957 1318
3958 1319
3959 1320
3960 1321
3961 1322
3962 1323
3963 1324
3964 1325
3965 1326
3966 1327
3967 1328
3970 1331
3971 1332
3972 1333
3973 1334
3974 1335
3975 1337
3976 1336
3977 1338
3985 1347
3986 1346
3987 1348
3988 1349
3989 1350
3992 1353
3993 1355
3994 1354
4064 1425
4100 1461
4104 1465
4113 1474
4114 1475
4118 1479
4119 1480
4121 1483
4122 1482
4137 1498
4155 1516
4156 1517
4157 1518
4159 1520
4160 1521
4161 1522
4162 1523
4163 1524
4164 1525
4165 1526
4793 2154
5118 2479
2657 18
2658 19
2672 33
2681 42
2682 43
2685 46
2686 47
2687 49
2688 48
2689 50
2690 51
2691 52
2692 53
2693 54
2694 55
2695 56
2698 59
2699 60
2700 61
2706 67
2707 68
2709 70
2710 71
2711 72
2712 73
2713 74
2715 76
2717 78
2718 79
2727 88
2728 89
2729 90
3311 672
3312 674
3313 673
3314 675
3327 688
3329 690
3331 692
3491 852
3492 853
3493 854
3504 865
3505 866
3506 867
3507 868
3510 871
3511 872
3512 874
3513 873
3514 875
3515 876
3518 879
3519 880
3520 881
3521 882
3522 883
3523 884
3524 885
3528 889
3529 890
3942 1303
4062 1424
4063 1423
3153 513
3155 516
3156 517
3157 518
3158 519
3159 520
3160 521
3161 522
3168 529
3169 530
3172 533
3173 534
3174 535
3179 540
3183 543
3184 545
3185 546
3187 548
3188 549
3259 620
3260 621
3261 622
3264 625
3266 627
3272 633
3273 634
3274 635
3277 638
3299 660
3300 661
3301 662
3302 663
3306 667
3309 670
3486 847
3489 850
3490 851
3508 869
3509 870
3525 886
3526 887
3696 1057
3697 1058
3698 1059
3699 1060
3700 1061
3701 1062
3702 1063
3703 1064
3716 1077
3717 1078
3718 1079
3719 1080
3724 1085
3725 1086
3726 1087
3727 1088
3728 1089
3729 1090
3730 1091
3731 1092
3732 1093
3733 1094
3734 1095
3735 1096
3736 1097
3737 1098
3738 1099
3739 1100
3740 1101
3741 1102
3742 1103
3743 1104
3762 1123
3763 1124
3764 1125
3765 1126
3766 1127
4043 1404
4044 1406
4046 1407
4047 1409
4048 1408
4049 1410
4050 1411
4051 1412
4052 1413
4053 1414
4057 1418
3191 553
3193 554
3194 555
3195 556
3196 557
3198 559
3213 574
3214 575
3215 576
3221 582
3235 596
3236 597
3241 602
3242 603
3243 604
3245 606
3246 607
3247 608
3255 616
3608 969
3611 972
3613 974
3615 977
3616 976
3617 978
3618 979
3619 980
3620 981
3621 982
3622 983
3623 984
3629 990
3630 991
3631 992
3632 993
3645 1006
3646 1007
3744 1105
3745 1106
3747 1108
3754 1115
3755 1116
3756 1117
4171 1531
4173 1533
4279 1640
4283 1645
4284 1644
4285 1646
4286 1648
4287 1647
4288 1649
4289 1650
4290 1651
4291 1652
4292 1654
4293 1653
4294 1655
4295 1657
4296 1656
4297 1658
4298 1660
4299 1659
4321 1683
4322 1682
4326 1687
4327 1688
4328 1689
5144 2505
5145 2507
5146 2506
5147 2509
5148 2508
5149 2510
5150 2511
5151 2513
5152 2512
5153 2514
5154 2516
5155 2515
5156 2517
5157 2519
5158 2518
5159 2520
5160 2521
5161 2522
5191 2552
5193 2553
5194 2555
5195 2556
5196 2557
5197 2558
5198 2559
5199 2560
5200 2561
5201 2562
5202 2563
5203 2564
5204 2565
5205 2566
5206 2567
5207 2568
5208 2569
5224 2585
5227 2588
5228 2589
5229 2591
5230 2590
5231 2592
5232 2593
5233 2595
5234 2594
5235 2596
5236 2597
5237 2598
5258 2619
5259 2620
5260 2622
5261 2621
5262 2623
5278 2639
4169 1530
4181 1542
4183 1543
4184 1545
4186 1546
4300 1661
4301 1663
4302 1662
4303 1664
4304 1666
4305 1665
4306 1667
4307 1669
4308 1668
4309 1670
4310 1672
4311 1671
4312 1674
4313 1673
4314 1676
4315 1675
4316 1677
4317 1678
4318 1679
4329 1690
4330 1691
4369 1730
4370 1732
4371 1731
4372 1733
4373 1734
4374 1736
4375 1735
4476 1837
4477 1839
4478 1838
4536 1897
4537 1899
4538 1898
4539 1900
4540 1901
4541 1903
4542 1902
5214 2575
5215 2576
5216 2577
5217 2578
5218 2579
5219 2580
5220 2581
5221 2583
5222 2582
5223 2584
5225 2587
5226 2586
5242 2603
5243 2604
5244 2606
5245 2605
5246 2607
5247 2608
5248 2610
5249 2609
5250 2611
5251 2612
5252 2614
5253 2613
5254 2615
5255 2616
5256 2618
5257 2617
5263 2624
5264 2625
5265 2626
5266 2627
5267 2628
5268 2629
5269 2630
5270 2631
4403 1764
4404 1765
4405 1766
4406 1767
4407 1769
4408 1768
4410 1772
4411 1771
4464 1826
4465 1825
4466 1827
4467 1829
4468 1828
4469 1831
4470 1830
4471 1832
4472 1833
4473 1834
4474 1836
4475 1835
4479 1841
4480 1840
4481 1842
4491 1851
4492 1853
4493 1855
4494 1854
4495 1856
4532 1893
4534 1894
4567 1928
5238 2599
5239 2600
5240 2602
5241 2601
5271 2632
5272 2633
5273 2634
5274 2635
5275 2636
5276 2637
4409 1770
4417 1778
4418 1779
4419 1781
4420 1780
4422 1783
4423 1784
4428 1789
4489 1850
4501 1862
4502 1864
4503 1863
4504 1866
4505 1865
4506 1867
4507 1868
4508 1869
4509 1870
4510 1871
4511 1873
4512 1872
4513 1874
4514 1875
4515 1876
4516 1877
4520 1881
4543 1904
4545 1905
4546 1908
4547 1907
4568 1929
4569 1930
4570 1931
4571 1932
4572 1934
4573 1933
4574 1935
4575 1936
4576 1938
4577 1937
4578 1939
4579 1940
4580 1942
4581 1941
4582 1943
4583 1944
4584 1945
4585 1946
4586 1948
4587 1947
4589 1951
4590 1950
4592 1953
4721 2081
4723 2084
4724 2085
4725 2086
4726 2087
4727 2088
4728 2089
4729 2091
4730 2090
4731 2092
4732 2093
4733 2095
4734 2094
4735 2096
4862 2223
4863 2224
4864 2225
4865 2226
4866 2227
4881 2242
4911 2272
4912 2273
5277 2638
4588 1949
4706 2067
4707 2068
4709 2069
4711 2072
4713 2073
4715 2076
4717 2077
4719 2080
4736 2097
4737 2099
4738 2098
4739 2100
4740 2101
4741 2103
4742 2102
4743 2104
4744 2105
4745 2107
4746 2106
4747 2108
4748 2109
4749 2111
4750 2110
4751 2112
4753 2115
4754 2114
4755 2116
4802 2163
4803 2164
4821 2182
4823 2183
4824 2185
4825 2186
4826 2187
4827 2189
4830 2191
4831 2192
4832 2193
4833 2195
4834 2194
4835 2196
4836 2197
4839 2201
4840 2200
4842 2203
4844 2204
4845 2206
4846 2207
4847 2208
4848 2209
4849 2210
4850 2212
4851 2211
4852 2213
4853 2214
4854 2216
4855 2215
4856 2217
4857 2218
4858 2220
4859 2219
4860 2221
4861 2222
4872 2233
4873 2234
4874 2236
4875 2235
4876 2237
4877 2238
4878 2240
4879 2239
4880 2241
4907 2268
4908 2270
4909 2269
4910 2271
4752 2113
4756 2118
4757 2117
4758 2119
4759 2120
4760 2121
4761 2122
4762 2124
4763 2123
4764 2125
4765 2126
4766 2127
4780 2141
4781 2143
4783 2144
4784 2145
4785 2147
4786 2146
4787 2148
4791 2152
4795 2156
4815 2176
4841 2202
4843 2205
5037 2398
5038 2400
5039 2399
5040 2401
5041 2402
5075 2437
5104 2465
5107 2468
5108 2469
5109 2471
5110 2470
5111 2472
5112 2473
5113 2474
5114 2475
5127 2488
5128 2489
5129 2490
3072 433
3073 434
3076 437
3078 439
3080 441
3081 442
3082 443
3083 444
3084 445
3085 446
3086 447
3087 448
3088 449
3089 450
3095 457
3096 456
3104 465
3105 466
3106 467
3107 468
3107 469
3108 468
3108 469
3109 470
3110 471
3111 472
3112 473
3113 474
3114 475
3115 476
3116 478
3516 878
3532 893
3533 894
3534 895
3535 896
3536 897
3538 899
3544 905
3545 906
3546 907
3547 908
3548 910
3549 909
3550 911
3552 913
3559 921
3560 920
3561 922
3567 928
3568 929
3968 1329
3969 1330
3978 1339
3979 1340
3980 1341
3981 1342
3982 1343
3983 1344
3984 1345
3990 1352
3991 1351
3995 1357
3996 1356
4031 1392
4038 1399
4039 1400
4040 1401
4041 1402
4096 1457
4097 1458
4098 1459
4099 1460
4101 1462
4102 1463
4103 1464
4115 1476
4120 1481
4123 1484
4133 1494
4134 1495
4135 1496
4136 1497
4153 1514
4154 1515
4158 1519
4792 2153
2654 15
2655 17
2656 16
2673 34
2674 36
2675 35
2676 37
2677 38
2678 39
2679 40
2680 41
2701 62
2702 63
2703 65
2704 64
2705 66
2719 80
2720 81
2721 82
2722 83
2723 84
2724 85
2725 86
2726 87
2731 92
2735 96
2736 97
2737 98
2749 110
2750 111
2751 112
2752 113
2753 114
2754 115
2757 118
2758 119
3057 418
3058 420
3059 419
3060 421
3061 422
3062 423
3068 429
3070 431
3071 432
3464 825
3465 826
3466 827
3476 837
3479 840
3480 841
3481 842
3482 843
3494 855
3495 856
3496 857
3499 859
3501 862
3502 863
3503 864
3517 877
4017 1378
4028 1388
4029 1390
4036 1397
4037 1398
2759 120
2760 121
2769 130
2770 131
2771 132
2772 133
2774 135
2786 147
3228 589
3250 611
3251 612
3252 613
3257 619
3258 618
3265 626
3267 628
3268 629
3269 630
3270 631
3271 632
3275 636
3276 637
3278 639
3279 640
3280 641
3282 643
3284 645
3285 646
3286 647
3287 648
3288 649
3289 650
3295 656
3296 657
3297 658
3298 659
3303 664
3304 665
3305 666
3310 671
3469 830
3470 831
3471 832
3472 833
3473 835
3474 834
3475 836
3483 844
3484 845
3485 846
3487 848
3488 849
3658 1019
3659 1021
3660 1020
3661 1022
3662 1023
3670 1031
3671 1032
3682 1043
3683 1044
3684 1046
3685 1045
3686 1047
3687 1048
3691 1052
3692 1053
3693 1054
3694 1055
3695 1056
3704 1065
3705 1066
3706 1068
3707 1067
3708 1069
3709 1070
3710 1072
3711 1071
3712 1073
3713 1074
3714 1075
3715 1076
3720 1081
3721 1082
3722 1083
3723 1084
3758 1119
3760 1121
3761 1122
3816 1177
3822 1183
3823 1184
3824 1185
3825 1186
3826 1187
3830 1191
3831 1192
3834 1195
3835 1196
3837 1198
4045 1405
4054 1415
4055 1416
4056 1417
3200 562
3203 564
3204 565
3205 566
3206 567
3207 568
3208 569
3209 570
3210 571
3211 572
3212 573
3216 577
3217 578
3218 579
3219 580
3220 581
3222 583
3223 584
3224 585
3225 586
3226 587
3227 588
3232 593
3233 594
3234 595
3237 598
3238 599
3239 600
3240 601
3248 609
3249 610
3346 707
3347 708
3348 709
3349 710
3358 720
3359 719
3614 975
3625 986
3626 987
3627 988
3628 989
3638 999
3639 1000
3640 1001
3641 1002
3642 1003
3643 1004
3644 1005
3650 1011
3651 1012
3652 1013
3654 1015
3757 1118
3759 1120
4170 1532
4172 1534
4174 1535
4176 1538
4177 1537
4178 1539
4179 1540
4193 1554
4194 1555
4195 1557
4196 1556
4197 1558
4198 1560
4199 1559
4200 1561
4201 1562
4202 1563
4203 1564
4204 1566
4205 1565
4207 1569
4208 1568
4209 1570
4244 1605
4246 1606
4247 1608
4248 1609
4249 1611
4250 1610
4251 1612
4252 1613
4253 1615
4254 1614
4255 1616
4256 1617
4257 1618
4258 1619
4267 1628
4269 1629
4270 1631
4271 1632
4272 1634
4273 1633
4274 1635
4275 1636
4276 1638
4277 1637
4278 1639
4280 1642
4281 1641
4282 1643
4319 1681
4320 1680
4323 1684
4324 1685
4325 1686
5162 2523
5163 2524
5164 2526
5165 2525
5166 2527
5168 2530
5183 2544
5184 2545
5185 2546
5186 2547
5187 2549
5188 2548
5189 2550
5190 2551
5192 2554
5209 2570
5210 2571
5211 2572
4175 1536
4180 1541
4182 1544
4185 1547
4187 1548
4188 1549
4189 1550
4190 1551
4191 1552
4192 1553
4222 1584
4223 1583
4224 1586
4225 1585
4226 1587
4227 1588
4228 1590
4229 1589
4230 1591
4231 1592
4232 1593
4233 1594
4234 1595
4235 1596
4236 1597
4237 1598
4238 1600
4239 1599
4240 1601
4241 1602
4242 1604
4243 1603
4245 1607
4259 1620
4260 1621
4261 1622
4262 1623
4263 1624
4264 1625
4265 1627
4266 1626
4268 1630
4331 1692
4332 1693
4333 1694
4334 1695
4335 1697
4336 1696
4337 1698
4338 1699
4339 1701
4340 1700
4341 1702
4342 1703
4343 1705
4344 1704
4345 1706
4348 1708
4349 1710
4352 1712
4376 1737
4377 1738
4378 1740
4379 1739
4380 1741
4381 1742
4382 1744
4454 1816
5212 2573
5213 2574
4221 1582
4350 1711
4353 1714
4354 1715
4355 1717
4356 1716
4358 1720
4399 1760
4401 1762
4402 1763
4453 1814
4455 1815
4462 1824
4463 1823
4496 1857
4497 1859
4498 1858
4499 1860
4500 1861
4563 1924
4564 1925
4565 1926
4566 1927
4644 2005
4412 1773
4413 1775
4414 1774
4415 1777
4416 1776
4421 1782
4424 1785
4425 1787
4426 1786
4427 1788
4429 1790
4430 1792
4431 1791
4432 1793
4435 1795
4591 1952
4593 1954
4612 1973
4613 1974
4615 1975
4616 1978
4617 1977
4618 1979
4619 1980
4620 1982
4621 1981
4622 1983
4623 1984
4624 1986
4625 1985
4626 1987
4627 1988
4628 1990
4629 1989
4630 1991
4631 1992
4632 1994
4633 1993
4635 1997
4643 2004
4660 2021
4661 2023
4662 2022
4664 2026
4720 2082
4722 2083
4959 2320
4961 2321
4962 2323
4963 2324
4964 2326
4965 2325
4966 2327
4967 2328
4968 2329
4634 1995
4636 1996
4666 2027
4667 2029
4668 2028
4670 2032
4672 2033
4673 2035
4674 2034
4676 2038
4677 2037
4678 2040
4679 2039
4702 2063
4703 2064
4704 2065
4705 2066
4708 2070
4710 2071
4712 2074
4714 2075
4716 2078
4718 2079
4868 2230
4869 2229
4870 2232
4871 2231
4901 2263
4902 2262
4903 2264
4904 2265
4905 2267
4906 2266
4913 2274
4914 2275
4915 2276
5087 2448
5088 2449
5100 2461
5102 2462
5130 2491
5131 2492
5132 2493
5133 2494
4125 1487
4768 2130
4769 2129
4770 2131
4772 2134
4773 2133
4788 2149
4789 2150
4790 2151
5006 2367
5023 2384
5030 2390
5032 2392
5034 2395
5035 2397
5036 2396
5042 2403
5043 2404
5044 2405
5045 2406
5046 2407
5063 2424
5066 2427
5067 2429
5068 2428
5103 2464
5105 2467
5106 2466
5135 2496
5136 2497
2971 333
2972 332
2987 348
2988 349
2989 350
2990 351
2991 352
3117 477
3118 479
3119 481
3120 480
3121 483
3122 482
3123 484
3123 485
3124 484
3124 485
3125 486
3126 488
3127 487
3128 490
3128 491
3129 489
3130 490
3130 491
3131 492
3132 493
3133 494
3498 860
3537 898
3539 900
3540 901
3551 912
3553 914
3554 915
3555 916
3556 917
3557 918
3558 919
3562 923
3563 924
3564 925
3565 927
3566 926
3569 930
3570 932
3571 931
3572 933
3573 934
3574 935
3575 937
3576 936
3577 938
3578 939
3579 940
3580 941
3581 942
3586 947
3605 966
3606 967
4023 1384
4024 1385
4025 1386
4032 1393
4033 1394
4034 1395
4035 1396
4042 1403
4082 1443
4083 1444
4090 1451
4091 1452
4092 1453
4093 1454
4094 1455
4095 1456
4116 1477
4130 1491
4131 1492
4132 1493
4147 1508
4151 1512
4152 1513
2732 93
2733 94
2734 95
2738 99
2739 100
2740 101
2741 102
2742 103
2743 104
2755 116
2756 117
2766 127
2768 129
2835 197
2853 214
2854 215
2992 353
2993 355
2994 354
3010 371
3011 372
3012 373
3024 385
3025 386
3026 387
3032 392
3041 402
3042 404
3043 403
3044 405
3063 424
3064 425
3065 426
3066 427
3067 428
3447 808
3448 809
3449 810
3450 811
3451 812
3456 817
3457 818
3458 819
3459 820
3467 828
3477 838
3478 839
3497 858
3500 861
3607 968
3998 1359
3999 1361
4001 1362
4002 1363
4003 1364
4004 1365
4005 1366
4006 1367
4007 1368
4008 1369
4009 1370
4010 1371
4011 1372
4012 1373
4013 1374
4014 1375
4015 1376
4016 1377
4018 1379
4019 1380
4020 1381
4021 1382
4022 1383
4026 1387
4027 1389
4030 1391
2767 128
2773 134
2775 136
2776 137
2777 138
2778 139
2779 140
2780 141
2781 142
2782 144
2783 143
2787 148
2788 149
2789 150
2790 151
2805 166
3201 561
3229 590
3230 591
3231 592
3253 614
3281 642
3283 644
3290 651
3291 652
3292 653
3293 654
3294 655
3374 735
3375 736
3376 737
3377 738
3381 743
3382 742
3383 744
3384 745
3385 746
3386 748
3387 747
3388 749
3389 750
3390 751
3391 752
3392 753
3393 754
3394 755
3395 756
3396 757
3397 758
3398 759
3399 760
3400 761
3401 762
3402 763
3403 764
3404 765
3405 766
3406 767
3407 768
3408 769
3409 770
3410 771
3411 772
3412 773
3413 774
3414 775
3416 777
3417 778
3418 779
3419 780
3420 781
3421 782
3422 783
3423 784
3424 785
3445 806
3452 813
3453 814
3454 815
3455 816
3461 822
3462 823
3463 824
3468 829
3663 1024
3688 1049
3689 1051
3690 1050
3775 1136
3776 1138
3777 1137
3783 1144
3784 1145
3785 1146
3786 1147
3787 1148
3788 1149
3789 1150
3790 1151
3791 1152
3792 1153
3794 1155
3795 1156
3796 1157
3797 1159
3798 1158
3799 1160
3800 1161
3801 1162
3802 1163
3803 1164
3804 1165
3805 1166
3806 1167
3807 1168
3808 1169
3809 1170
3810 1171
3811 1172
3812 1173
3813 1174
3814 1175
3815 1176
3817 1178
3818 1179
3819 1180
3820 1181
3821 1182
3827 1188
3828 1189
3829 1190
3832 1193
3833 1194
3836 1197
3849 1210
3854 1215
3855 1216
3860 1221
3861 1222
3862 1223
3867 1228
3868 1229
3869 1230
3870 1231
3199 560
3202 563
3333 694
3334 696
3335 695
3336 697
3337 698
3338 699
3339 700
3340 701
3341 702
3342 703
3343 704
3344 705
3345 706
3350 711
3351 712
3352 713
3353 714
3354 715
3355 716
3356 717
3357 718
3360 721
3361 722
3362 723
3363 724
3364 725
3365 726
3366 727
3367 728
3368 729
3369 730
3370 731
3371 732
3372 733
3373 734
3378 739
3379 740
3380 741
3633 994
3634 996
3635 995
3636 997
3637 998
3647 1008
3648 1009
3649 1010
3653 1014
3655 1016
3656 1017
3657 1018
3664 1025
3665 1026
3666 1027
3667 1028
3668 1029
3669 1030
3673 1034
3675 1036
3678 1039
3679 1040
3778 1139
3779 1141
3780 1140
3781 1142
3782 1143
3793 1154
3838 1199
3839 1201
3840 1200
3841 1202
3842 1203
3843 1204
3844 1205
3850 1211
3851 1212
3852 1213
3853 1214
3856 1217
3857 1218
3858 1219
3859 1220
3863 1224
3864 1225
3865 1226
3866 1227
3871 1232
3872 1233
3873 1234
3874 1235
3875 1236
3888 1249
3889 1250
3893 1254
4206 1567
4210 1572
4211 1571
4212 1573
4213 1574
4214 1575
4215 1576
4216 1577
4217 1578
4218 1579
4219 1580
4220 1581
5167 2528
5169 2529
5170 2531
5171 2532
5172 2534
5173 2533
5174 2535
5175 2537
5176 2536
5177 2538
5178 2539
5179 2540
5180 2541
5181 2543
5182 2542
4346 1707
4347 1709
4351 1713
4363 1724
4364 1725
4365 1726
4366 1727
4367 1728
4368 1729
4383 1743
4384 1745
4386 1748
4387 1747
4452 1813
4357 1718
4359 1719
4360 1721
4361 1722
4362 1723
4385 1746
4388 1749
4389 1750
4390 1752
4391 1751
4392 1753
4393 1754
4394 1755
4395 1756
4396 1757
4397 1759
4398 1758
4400 1761
4434 1796
4436 1797
4438 1800
4444 1805
4445 1806
4446 1808
4447 1807
4448 1809
4449 1810
4450 1811
4451 1812
4554 1915
4555 1917
4556 1916
4557 1919
4558 1918
4559 1920
4560 1921
4561 1922
4562 1923
4594 1955
4645 2006
4646 2007
4647 2008
4433 1794
4439 1799
4456 1817
4457 1818
4458 1819
4459 1821
4460 1820
4461 1822
4595 1956
4600 1961
4604 1965
4605 1966
4606 1967
4607 1968
4608 1970
4609 1969
4610 1971
4611 1972
4614 1976
4637 1998
4638 2000
4639 1999
4641 2003
4651 2012
4652 2013
4653 2015
4654 2014
4655 2016
4656 2017
4657 2018
4658 2020
4659 2019
4663 2024
4665 2025
4928 2289
4931 2292
4932 2293
4933 2295
4934 2294
4935 2296
4936 2298
4937 2297
4938 2299
4939 2300
4940 2302
4941 2301
4944 2305
4945 2306
4946 2308
4947 2307
4948 2309
4949 2310
4950 2312
4951 2311
4952 2313
4953 2314
4954 2315
4955 2316
4956 2318
4957 2317
4958 2319
4960 2322
4969 2330
4970 2331
4971 2332
4972 2333
4973 2334
4974 2335
4975 2336
4976 2337
4977 2338
4640 2001
4642 2002
4669 2030
4671 2031
4675 2036
4680 2041
4681 2043
4682 2042
4684 2044
4687 2049
4692 2053
4693 2055
4694 2054
4695 2056
4696 2057
4697 2058
4698 2059
4699 2060
4700 2061
4701 2062
4867 2228
4882 2243
4883 2245
4884 2244
4885 2246
4886 2247
4887 2248
4888 2249
4889 2250
4890 2251
4891 2252
4892 2253
4893 2254
4894 2255
4895 2256
4896 2257
4897 2258
4898 2260
4899 2259
4900 2261
4916 2277
4917 2278
4918 2279
4919 2281
4920 2280
4921 2282
4922 2283
4923 2285
4924 2284
4925 2286
4926 2287
4927 2288
4929 2291
4930 2290
4942 2303
4943 2304
5050 2411
5089 2450
5090 2451
5091 2452
5096 2457
5097 2458
5098 2459
5099 2460
5101 2463
5134 2495
4767 2128
4771 2132
4774 2135
4775 2136
4776 2137
4777 2138
4778 2139
4779 2140
5000 2361
5002 2362
5004 2364
5007 2369
5008 2368
5009 2371
5010 2370
5021 2383
5022 2382
5024 2386
5025 2385
5026 2387
5027 2388
5028 2389
5029 2391
5031 2393
5033 2394
5047 2408
5048 2409
5049 2410
5059 2420
5062 2423
5064 2426
5065 2425
5137 2498
5139 2500
2860 221
2869 230
2870 231
2872 233
2873 234
2874 235
2878 239
2879 240
2880 241
2881 242
2887 248
2888 249
2896 257
2897 258
2898 259
2906 267
2907 268
2927 288
2928 290
2929 289
2966 327
2967 328
2968 329
2969 330
2970 331
2973 334
2974 335
2975 336
2976 337
2984 345
2985 346
2986 347
2996 357
2997 358
2998 359
2999 360
3134 495
3135 496
3136 497
3137 498
3138 499
3139 500
3140 501
3141 502
3142 503
3143 504
3144 505
3145 506
3146 507
3147 508
3148 510
3149 509
3582 943
3583 944
3584 945
3585 946
3587 948
3588 949
3589 950
3590 951
3591 952
3592 953
3593 955
3594 954
3595 956
3596 958
3597 957
3598 959
3599 960
3600 961
3601 962
3601 1488
3602 963
3603 964
3604 965
4077 1438
4081 1442
4084 1445
4085 1446
4086 1447
4087 1448
4088 1449
4089 1450
4108 1469
4117 1478
4124 1485
4127 962
4127 1488
4128 1489
4129 1490
4143 1504
4144 1505
4148 1509
4149 1510
4150 1511
2744 105
2745 106
2746 107
2747 108
2748 109
2763 123
2764 125
2796 157
2797 158
2798 159
2810 171
2811 172
2819 180
2823 184
2824 185
2825 186
2826 187
2827 188
2834 195
2836 196
2837 198
2838 199
2839 200
2840 201
2841 202
2842 203
2843 204
2844 205
2851 212
2852 213
2855 216
2856 217
2859 220
2861 222
2995 356
3004 365
3005 366
3006 367
3013 374
3014 375
3015 376
3016 377
3018 379
3019 380
3020 382
3021 381
3022 383
3023 384
3027 388
3028 389
3029 390
3030 391
3031 393
3033 394
3034 395
3035 396
3036 397
3037 398
3038 399
3040 401
3045 406
3046 407
3047 408
3048 409
3050 412
3051 411
3055 416
3056 417
3425 787
3426 786
3427 788
3428 789
3429 790
3430 791
3431 792
3432 793
3433 794
3434 795
3438 799
3439 800
3440 801
3441 802
3442 803
3443 804
3446 807
3460 821
3997 1358
4000 1360
4060 1421
2761 122
2762 124
2765 126
2784 145
2785 146
2791 152
2792 153
2793 154
2794 155
2795 156
2799 160
2800 161
2801 162
2802 163
2803 164
2804 165
2807 168
2808 169
2809 170
3415 776
3435 796
3436 797
3437 798
3444 805
3672 1033
3674 1035
3676 1037
3677 1038
3680 1041
3681 1042
3845 1206
3846 1207
3847 1208
3848 1209
3876 1237
3877 1238
3878 1239
3879 1240
3880 1241
3881 1242
3882 1243
3883 1244
3884 1245
3885 1246
3886 1247
3887 1248
3890 1251
3891 1252
3892 1253
3894 1255
3895 1256
3896 1257
3897 1258
3898 1259
3899 1260
3900 1261
3901 1262
4440 1801
4441 1802
4442 1803
4443 1804
4648 2009
4437 1798
4596 1958
4597 1957
4598 1960
4599 1959
4601 1962
4602 1964
4603 1963
4649 2010
4650 2011
4683 2045
4685 2046
4686 2047
4688 2048
4689 2050
4690 2051
4691 2052
5051 2412
5053 2413
5055 2416
5057 2417
5092 2453
5093 2454
5094 2455
5095 2456
4978 2339
4979 2341
4980 2340
4981 2343
4982 2342
4983 2345
4984 2344
4985 2346
4986 2347
4987 2348
4988 2349
4989 2350
4990 2351
4991 2352
4992 2354
4993 2353
4994 2355
4995 2356
4996 2357
4997 2358
4998 2359
4999 2360
5001 2363
5003 2365
5005 2366
5011 2372
5012 2373
5013 2375
5014 2374
5015 2376
5016 2377
5017 2379
5018 2378
5019 2380
5020 2381
5052 2414
5054 2415
5056 2418
5058 2419
5060 2422
5061 2421
5138 2499
5140 2501
5141 2502
5142 2503
5143 2504
2867 228
2868 229
2871 232
2875 236
2876 237
2877 238
2882 243
2883 244
2884 245
2885 246
2889 250
2890 251
2891 252
2892 253
2893 254
2894 255
2895 256
2899 260
2900 261
2901 262
2902 263
2903 264
2904 265
2905 266
2908 269
2909 270
2910 271
2911 273
2911 274
2912 272
2913 273
2913 274
2914 275
2915 276
2916 277
2917 278
2918 279
2919 280
2920 281
2921 282
2922 283
2923 284
2924 285
2925 286
2926 287
2930 291
2931 292
2932 293
2933 294
2934 296
2935 295
2936 298
2937 297
2938 299
2939 300
2940 302
2941 301
2942 303
2943 304
2944 306
2944 1470
2945 305
2946 307
2947 309
2948 308
2949 310
2950 311
2951 312
2952 313
2953 315
2954 314
2955 316
2956 317
2957 318
2958 319
2959 321
2960 320
2961 322
2962 323
2963 324
2964 325
2965 326
2977 338
2978 339
2979 340
2980 341
2981 342
2982 343
2983 344
3000 361
3002 363
3003 364
3009 370
3150 511
4078 1439
4079 1441
4080 1440
4105 1466
4106 1467
4107 1468
4109 306
4109 1470
4110 1471
4111 1472
4112 1473
4126 1486
4138 1499
4139 1500
4140 1501
4141 1502
4142 1503
4145 1506
4146 1507
4166 1527
4167 1528
4168 1529
2806 167
2812 173
2813 174
2814 175
2815 176
2816 177
2817 178
2818 179
2820 182
2821 181
2822 183
2828 189
2829 190
2830 192
2831 191
2832 193
2833 194
2845 206
2846 207
2847 208
2848 209
2849 210
2850 211
2857 218
2858 219
2862 223
2863 224
2864 225
2865 226
2866 227
2886 247
3001 362
3007 369
3008 368
3017 378
3039 400
3049 410
3052 413
3053 414
3054 415
3178 539
3171 532
3166 527
3162 523
3324 685
2668 29
3318 680
3317 678
3944 1305
3527 888
4061 1422
3941 1302
3943 1304
4065 1426
